0 0.031452
3600 -0.13412
7200 -0.048748
10800 0.18508
14400 0.40044
18000 0.62429
21600 0.88265
25200 1.0617
28800 1.0273
32400 0.89751
36000 0.72363
39600 0.47483
43200 0.24643
46800 -0.084346
50400 -0.16049
54000 -0.14264
57600 -0.004969
61200 0.17139
64800 0.73401
68400 0.6397
72000 0.73511
75600 0.89818
79200 0.76557
82800 0.31657
86400 0.2743
90000 0.075959
93600 0.0164
97200 0.073355
100800 0.25167
104400 0.56949
108000 0.92709
111600 1.2109
115200 1.3238
118800 0.79099
122400 0.6988
126000 0.61266
129600 0.42656
133200 0.18665
136800 0.09583
140400 -0.06702
144000 -0.013023
147600 0.12123
151200 0.39404
154800 0.54399
158400 0.69173
162000 0.72749
165600 0.71538
169200 0.53129
172800 0.26564
176400 -0.015868
180000 -0.11598
183600 -0.18542
187200 -0.10588
190800 0.14703
194400 0.35278
198000 0.68728
201600 0.94988
205200 1.0681
208800 1.0228
212400 0.96952
216000 0.92359
219600 0.56167
223200 0.17428
226800 0.008727
230400 -0.087928
234000 -0.02936
237600 0.15512
241200 0.33134
244800 0.60785
248400 1.0052
252000 0.97651
255600 0.85583
259200 0.69664
262800 0.45287
266400 0.17719
270000 -0.037569
273600 -0.047066
277200 0.051582
280800 0.36426
284400 0.57049
288000 0.99728
291600 1.197
295200 1.3103
298800 1.287
302400 1.0913
306000 0.83335
309600 0.51282
313200 0.18085
316800 -0.19428
320400 0.020085
324000 0.044655
327600 0.28699
331200 0.4995
334800 0.71985
338400 0.85214
342000 0.9851
345600 0.75684
349200 0.66072
352800 0.31469
356400 0.12333
360000 -0.015157
363600 -0.16
367200 0.17843
370800 0.4267
374400 0.69027
378000 1.0087
381600 1.1661
385200 1.1877
388800 1.0995
392400 0.84593
396000 0.47885
399600 0.089143
403200 -0.10216
406800 -0.15381
410400 -0.17017
414000 0.037461
417600 0.28397
421200 0.5507
424800 0.7485
428400 0.84882
432000 0.82991
435600 0.61346
439200 0.38595
442800 0.15785
446400 -0.097739
450000 -0.12012
453600 -0.11622
457200 0.10017
460800 0.36536
464400 0.80258
468000 1.0143
471600 1.1021
475200 1.3928
478800 1.0954
482400 0.87721
486000 0.54515
489600 0.27962
493200 0.013336
496800 0.063952
500400 0.12372
504000 0.29259
507600 0.48764
511200 0.65602
514800 0.84751
518400 0.90397
522000 0.77859
525600 0.66668
529200 0.44114
532800 0.16408
536400 -0.19444
540000 -0.18205
543600 0.024783
547200 0.25994
550800 0.52329
554400 0.88889
558000 1.1133
561600 1.4417
565200 1.2822
568800 1.0073
572400 0.83571
576000 0.5407
579600 0.15549
583200 0.052203
586800 0.12992
590400 0.30618
594000 0.48967
597600 0.66091
601200 0.89133
604800 0.99992
608400 1.0014
612000 0.87599
615600 0.71675
619200 0.43058
622800 0.2054
626400 0.032881
630000 0.079666
633600 0.1494
637200 0.47596
640800 0.71535
644400 0.9243
648000 1.0872
651600 1.164
655200 0.90006
658800 0.76961
662400 0.45772
666000 0.20025
669600 0.052573
673200 0.028015
676800 0.13079
680400 0.25563
684000 0.36605
687600 0.61725
691200 0.87038
694800 0.92422
698400 0.82355
702000 0.68202
705600 0.4776
709200 0.19966
712800 0.019221
716400 -0.035961
720000 0.077886
723600 0.11789
727200 0.38108
730800 0.7376
734400 0.95807
738000 1.0509
741600 1.0783
745200 0.83189
748800 0.81729
752400 0.46406
756000 0.089552
759600 0.019761
763200 -0.043618
766800 0.016829
770400 0.1331
