0 -0.352
3600 -0.489
7200 -0.407
10800 -0.275
14400 -0.056
18000 0.164
21600 0.39
25200 0.568
28800 0.534
32400 0.437
36000 0.254
39600 0.02
43200 -0.2
46800 -0.45
50400 -0.524
54000 -0.506
57600 -0.38
61200 -0.205
64800 0.043
68400 0.229
72000 0.292
75600 0.228
79200 0.119
82800 -0.08
86400 -0.317
90000 -0.497
93600 -0.537
97200 -0.518
100800 -0.361
104400 -0.114
108000 0.204
111600 0.473
115200 0.579
118800 0.566
122400 0.477
126000 0.377
129600 0.102
133200 -0.174
136800 -0.34
140400 -0.454
144000 -0.435
147600 -0.316
151200 -0.07
154800 0.105
158400 0.258
162000 0.329
165600 0.258
169200 0.083
172800 -0.093
176400 -0.358
180000 -0.453
183600 -0.515
187200 -0.449
190800 -0.272
194400 -0.026
198000 0.257
201600 0.508
205200 0.613
208800 0.612
212400 0.532
216000 0.389
219600 0.078
223200 -0.222
226800 -0.361
230400 -0.429
234000 -0.363
237600 -0.203
241200 -0.026
244800 0.232
248400 0.436
252000 0.409
255600 0.319
259200 0.163
262800 -0.063
266400 -0.28
270000 -0.461
273600 -0.462
277200 -0.328
280800 -0.109
284400 0.128
288000 0.429
291600 0.65
295200 0.737
298800 0.736
302400 0.533
306000 0.306
309600 -0.003
313200 -0.226
316800 -0.401
320400 -0.421
324000 -0.319
327600 -0.121
331200 0.117
334800 0.322
338400 0.448
342000 0.437
345600 0.388
349200 0.179
352800 -0.083
356400 -0.275
360000 -0.369
363600 -0.336
367200 -0.188
370800 0.051
374400 0.271
378000 0.601
381600 0.743
385200 0.777
388800 0.696
392400 0.484
396000 0.179
399600 -0.199
403200 -0.373
406800 -0.443
410400 -0.446
414000 -0.262
417600 -0.068
421200 0.155
424800 0.302
428400 0.401
432000 0.371
435600 0.172
439200 -0.022
442800 -0.224
446400 -0.453
450000 -0.532
453600 -0.456
457200 -0.287
460800 -0.049
464400 0.251
468000 0.491
471600 0.632
475200 0.65
478800 0.566
482400 0.355
486000 0.074
489600 -0.194
493200 -0.371
496800 -0.392
500400 -0.281
504000 -0.117
507600 0.07
511200 0.24
514800 0.415
518400 0.418
522000 0.324
525600 0.185
529200 -0.006
532800 -0.215
536400 -0.393
540000 -0.403
543600 -0.263
547200 -0.091
550800 0.11
554400 0.393
558000 0.657
561600 0.738
565200 0.639
568800 0.521
572400 0.284
576000 -0.018
579600 -0.305
583200 -0.417
586800 -0.376
590400 -0.228
594000 -0.075
597600 0.107
601200 0.335
604800 0.433
608400 0.43
612000 0.331
615600 0.158
619200 -0.051
622800 -0.272
626400 -0.44
630000 -0.372
633600 -0.289
637200 -0.066
640800 0.21
644400 0.408
648000 0.551
651600 0.574
655200 0.476
658800 0.366
662400 0.077
666000 -0.192
669600 -0.331
673200 -0.325
676800 -0.251
680400 -0.157
684000 -0.009
687600 0.221
691200 0.408
694800 0.44
698400 0.404
702000 0.239
705600 0.041
709200 -0.167
712800 -0.348
716400 -0.348
720000 -0.237
723600 -0.212
727200 0
730800 0.311
734400 0.515
738000 0.578
741600 0.573
745200 0.521
748800 0.291
752400 0.025
756000 -0.135
759600 -0.219
763200 -0.287
766800 -0.221
770400 -0.113
