0 5.6238 0
3600 6.4313 0
7200 6.4171 0
10800 7.0917 0
14400 7.8228 0
18000 8.0469 0
21600 6.1265 0
25200 8.5323 0
28800 8.4829 0
32400 7.9382 0
36000 8.0441 0
39600 9.3064 0
43200 8.6799 0
46800 8.9447 0
50400 8.6153 0
54000 7.3203 0
57600 6.1852 0
61200 5.7367 0
64800 5.1746 0
68400 6.5908 0
72000 6.7496 0
75600 5.9359 0
79200 5.5093 0
82800 6.54 0
86400 6.869 0
90000 5.7095 0
93600 6.8488 0
97200 6.2705 0
100800 6.4878 0
104400 5.305 0
108000 5.5313 0
111600 6.759 0
115200 7.2121 0
118800 7.5414 0
122400 9.0159 0
126000 9.0425 0
129600 9.0992 0
133200 9.9505 0
136800 9.6125 0
140400 8.9306 0
144000 7.8963 0
147600 8.5002 0
151200 8.5049 0
154800 7.4498 0
158400 6.5408 0
162000 7.4454 0
165600 6.7428 0
169200 6.6276 0
172800 6.1413 0
176400 3.475 0
180000 5.8744 0
183600 2.3085 0
187200 3.7725 0
190800 3.8917 0
194400 3.727 0
198000 5.9755 0
201600 4.1239 0
205200 4.4699 0
208800 4.8135 0
212400 4.2671 0
216000 4.5873 0
219600 2.791 0
223200 3.517 0
226800 3.8843 0
230400 3.8919 0
234000 3.8176 0
237600 4.3648 0
241200 2.6371 0
244800 2.0829 0
248400 3.9664 0
252000 3.7589 0
255600 4.273 0
259200 5.7106 0
262800 4.249 0
266400 4.9131 0
270000 3.2497 0
273600 3.6396 0
277200 3.3103 0
280800 3.9007 0
284400 3.7528 0
288000 4.0333 0
291600 4.2616 0
295200 5.013 0
298800 4.3972 0
302400 4.2713 0
306000 5.0051 0
309600 4.5496 0
313200 3.5664 0
316800 3.3958 0
320400 4.0642 0
324000 5.6323 0
327600 4.9962 0
331200 5.2728 0
334800 3.9508 0
338400 6.7589 0
342000 4.3704 0
345600 4.5807 0
349200 8.668 0
352800 4.3144 0
356400 9.0477 0
360000 10.0307 0
363600 7.455 0
367200 7.2786 0
370800 6.9757 0
374400 6.404 0
378000 6.5624 0
381600 7.1006 0
385200 8.3434 0
388800 11.5741 0
392400 10.3482 0
396000 11.0184 0
399600 11.051 0
403200 10.6633 0
406800 9.5473 0
410400 9.4999 0
414000 7.3812 0
417600 6.6094 0
421200 6.3378 0
424800 5.5038 0
428400 4.5214 0
432000 5.6551 0
435600 5.2537 0
439200 5.6816 0
442800 5.8708 0
446400 4.0214 0
450000 4.8849 0
453600 4.9487 0
457200 4.9533 0
460800 5.4366 0
464400 4.9541 0
468000 4.4818 0
471600 4.4221 0
475200 4.795 0
478800 4.6872 0
482400 6.1092 0
486000 4.5888 0
489600 5.3141 0
493200 4.9256 0
496800 4.267 0
500400 1.4493 0
504000 3.4716 0
507600 3.3575 0
511200 2.872 0
514800 2.8324 0
518400 2.9622 0
522000 3.8381 0
525600 4.3216 0
529200 8.7033 0
532800 9.1269 0
536400 11.1942 0
540000 9.3847 0
543600 9.7833 0
547200 10.0835 0
550800 9.7335 0
554400 9.6454 0
558000 10.0081 0
561600 10.1666 0
565200 8.8469 0
568800 8.4533 0
572400 7.2069 0
576000 6.1451 0
579600 6.3927 0
583200 5.2983 0
586800 4.71 0
590400 5.0998 0
594000 5.1681 0
597600 5.6524 0
601200 5.863 0
604800 5.9823 0
608400 6.4136 0
612000 5.2207 0
615600 4.6587 0
619200 3.9243 0
622800 4.273 0
626400 3.4627 0
630000 7.834 0
633600 8.9775 0
637200 7.0185 0
640800 6.418 0
644400 7.5984 0
648000 5.7972 0
651600 3.8692 0
655200 2.847 0
658800 3.3954 0
662400 5.3395 0
666000 4.0187 0
669600 3.7731 0
673200 4.3984 0
676800 4.0731 0
680400 3.5314 0
684000 3.418 0
687600 4.9519 0
691200 5.7164 0
694800 7.1286 0
698400 7.3793 0
702000 8.7772 0
705600 8.515 0
709200 7.9236 0
712800 8.0529 0
716400 6.4928 0
720000 6.8492 0
723600 6.8467 0
727200 6.4702 0
730800 6.1157 0
734400 7.0944 0
738000 9.1216 0
741600 7.6186 0
745200 7.4247 0
748800 7.1866 0
752400 7.7776 0
756000 7.7148 0
759600 7.1695 0
763200 6.7552 0
766800 6.8741 0
770400 4.7149 0
