-11.351562
-11.350781
-11.350000
-11.349219
-11.348437
-11.347656
-11.346875
-11.346094
-11.345313
-11.344531
-11.343750
-11.342969
-11.342188
-11.341406
-11.340625
-11.339844
-11.339063
-11.338281
-11.337500
-11.336719
-11.335938
-11.339063
-11.342187
-11.345312
-11.348437
-11.351562
-11.354688
-11.357812
-11.360937
-11.364062
-11.367188
-11.373437
-11.379687
-11.385937
-11.392188
-11.398438
-11.404687
-11.410937
-11.417188
-11.423438
-11.429688
-11.426563
-11.423438
-11.420312
-11.417188
-11.414062
-11.410937
-11.407813
-11.404687
-11.401563
-11.398438
-11.392188
-11.385938
-11.379687
-11.373437
-11.367188
-11.360938
-11.354688
-11.348437
-11.342188
-11.335938
-11.325000
-11.314063
-11.303125
-11.292188
-11.281250
-11.270312
-11.259375
-11.248438
-11.237500
-11.226562
-11.225781
-11.225000
-11.224219
-11.223437
-11.222656
-11.221875
-11.221094
-11.220312
-11.219531
-11.218750
-11.214063
-11.209375
-11.204687
-11.200000
-11.195312
-11.190625
-11.185937
-11.181250
-11.176562
-11.171875
-11.167188
-11.162500
-11.157812
-11.153125
-11.148438
-11.143750
-11.139062
-11.134375
-11.129688
-11.125000
-11.120313
-11.115625
-11.110937
-11.106250
-11.101562
-11.096875
-11.092187
-11.087500
-11.082812
-11.078125
-11.072656
-11.067188
-11.061719
-11.056250
-11.050781
-11.045313
-11.039844
-11.034375
-11.028906
-11.023438
-11.012500
-11.001563
-10.990625
-10.979688
-10.968750
-10.957812
-10.946875
-10.935938
-10.925000
-10.914062
-10.910937
-10.907813
-10.904687
-10.901563
-10.898438
-10.895312
-10.892188
-10.889062
-10.885938
-10.882812
-10.884375
-10.885938
-10.887500
-10.889062
-10.890625
-10.892188
-10.893750
-10.895312
-10.896875
-10.898438
-10.886719
-10.875000
-10.863281
-10.851562
-10.839844
-10.828125
-10.816406
-10.804688
-10.792969
-10.781250
-10.780469
-10.779687
-10.778906
-10.778125
-10.777344
-10.776563
-10.775781
-10.775000
-10.774219
-10.773438
-10.775781
-10.778125
-10.780469
-10.782813
-10.785156
-10.787500
-10.789844
-10.792188
-10.794531
-10.796875
-10.785937
-10.775000
-10.764062
-10.753125
-10.742188
-10.731250
-10.720313
-10.709375
-10.698438
-10.687500
-10.686719
-10.685938
-10.685156
-10.684375
-10.683594
-10.682813
-10.682031
-10.681250
-10.680469
-10.679688
-10.674219
-10.668750
-10.663281
-10.657812
-10.652344
-10.646875
-10.641406
-10.635937
-10.630469
-10.625000
-10.624219
-10.623437
-10.622656
-10.621875
-10.621094
-10.620313
-10.619531
-10.618750
-10.617969
-10.617188
-10.610938
-10.604688
-10.598437
-10.592187
-10.585938
-10.579688
-10.573438
-10.567187
-10.560938
-10.554688
-10.552344
-10.550000
-10.547656
-10.545313
-10.542969
-10.540625
-10.538281
-10.535937
-10.533594
-10.531250
-10.527344
-10.523438
-10.519531
-10.515625
-10.511719
-10.507812
-10.503906
-10.500000
-10.496094
-10.492188
-10.487500
-10.482813
-10.478125
-10.473437
-10.468750
-10.464063
-10.459375
-10.454688
-10.450000
-10.445312
-10.443750
-10.442188
-10.440625
-10.439062
-10.437500
-10.435938
-10.434375
-10.432812
-10.431250
-10.429688
-10.423438
-10.417188
-10.410937
-10.404688
-10.398438
-10.392187
-10.385938
-10.379688
-10.373437
-10.367188
-10.367969
-10.368750
-10.369531
-10.370313
-10.371094
-10.371875
-10.372656
-10.373437
-10.374219
-10.375000
-10.368750
-10.362500
-10.356250
-10.350000
-10.343750
-10.337500
-10.331250
-10.325000
-10.318750
-10.312500
-10.311719
-10.310937
-10.310156
-10.309375
-10.308594
-10.307813
-10.307031
-10.306250
-10.305469
-10.304688
-10.298438
-10.292188
-10.285937
-10.279687
-10.273438
-10.267188
-10.260938
-10.254687
-10.248438
-10.242188
-10.239844
-10.237500
-10.235156
-10.232813
-10.230469
-10.228125
-10.225781
-10.223437
-10.221094
-10.218750
-10.217187
-10.215625
-10.214062
-10.212500
-10.210938
-10.209375
-10.207812
-10.206250
-10.204688
-10.203125
-10.203125
-10.203125
-10.203125
-10.203125
-10.203125
-10.203125
-10.203125
-10.203125
-10.203125
-10.203125
-10.194531
-10.185937
-10.177344
-10.168750
-10.160156
-10.151563
-10.142969
-10.134375
-10.125781
-10.117188
-10.117969
-10.118750
-10.119531
-10.120313
-10.121094
-10.121875
-10.122656
-10.123437
-10.124219
-10.125000
-10.118750
-10.112500
-10.106250
-10.100000
-10.093750
-10.087500
-10.081250
-10.075000
-10.068750
-10.062500
-10.061719
-10.060938
-10.060156
-10.059375
-10.058594
-10.057813
-10.057031
-10.056250
-10.055469
-10.054688
-10.052344
-10.050000
-10.047656
-10.045312
-10.042969
-10.040625
-10.038281
-10.035937
-10.033594
-10.031250
-10.030469
-10.029688
-10.028906
-10.028125
-10.027344
-10.026563
-10.025781
-10.025000
-10.024219
-10.023438
-10.021875
-10.020313
-10.018750
-10.017187
-10.015625
-10.014063
-10.012500
-10.010937
-10.009375
-10.007812
-10.000781
-9.993750
-9.986719
-9.979688
-9.972656
-9.965625
-9.958594
-9.951562
-9.944531
-9.937500
-9.934375
-9.931250
-9.928125
-9.925000
-9.921875
-9.918750
-9.915625
-9.912500
-9.909375
-9.906250
-9.907813
-9.909375
-9.910937
-9.912500
-9.914062
-9.915625
-9.917188
-9.918750
-9.920312
-9.921875
-9.916406
-9.910937
-9.905469
-9.900000
-9.894531
-9.889062
-9.883594
-9.878125
-9.872656
-9.867188
-9.867969
-9.868750
-9.869531
-9.870313
-9.871094
-9.871875
-9.872656
-9.873437
-9.874219
-9.875000
-9.872656
-9.870313
-9.867969
-9.865625
-9.863281
-9.860938
-9.858594
-9.856250
-9.853906
-9.851562
-9.849219
-9.846875
-9.844531
-9.842188
-9.839844
-9.837500
-9.835156
-9.832812
-9.830469
-9.828125
-9.828125
-9.828125
-9.828125
-9.828125
-9.828125
-9.828125
-9.828125
-9.828125
-9.828125
-9.828125
-9.825000
-9.821875
-9.818750
-9.815625
-9.812500
-9.809375
-9.806250
-9.803125
-9.800000
-9.796875
-9.793750
-9.790625
-9.787500
-9.784375
-9.781250
-9.778125
-9.775000
-9.771875
-9.768750
-9.765625
-9.760156
-9.754687
-9.749219
-9.743750
-9.738281
-9.732812
-9.727344
-9.721875
-9.716406
-9.710938
-9.710156
-9.709375
-9.708594
-9.707812
-9.707031
-9.706250
-9.705469
-9.704688
-9.703906
-9.703125
-9.701562
-9.700000
-9.698438
-9.696875
-9.695312
-9.693750
-9.692188
-9.690625
-9.689063
-9.687500
-9.683594
-9.679688
-9.675781
-9.671875
-9.667969
-9.664062
-9.660156
-9.656250
-9.652344
-9.648438
-9.649219
-9.650000
-9.650781
-9.651563
-9.652344
-9.653125
-9.653906
-9.654687
-9.655469
-9.656250
-9.652344
-9.648438
-9.644531
-9.640625
-9.636719
-9.632812
-9.628906
-9.625000
-9.621094
-9.617188
-9.614844
-9.612500
-9.610156
-9.607813
-9.605469
-9.603125
-9.600781
-9.598437
-9.596094
-9.593750
-9.589844
-9.585938
-9.582031
-9.578125
-9.574219
-9.570312
-9.566406
-9.562500
-9.558594
-9.554688
-9.553906
-9.553125
-9.552344
-9.551562
-9.550781
-9.550000
-9.549219
-9.548438
-9.547656
-9.546875
-9.543750
-9.540625
-9.537500
-9.534375
-9.531250
-9.528125
-9.525000
-9.521875
-9.518750
-9.515625
-9.513281
-9.510938
-9.508594
-9.506250
-9.503906
-9.501563
-9.499219
-9.496875
-9.494531
-9.492188
-9.492188
-9.492188
-9.492188
-9.492188
-9.492188
-9.492188
-9.492188
-9.492188
-9.492188
-9.492188
-9.487500
-9.482812
-9.478125
-9.473437
-9.468750
-9.464063
-9.459375
-9.454688
-9.450000
-9.445312
-9.444531
-9.443750
-9.442969
-9.442187
-9.441406
-9.440625
-9.439844
-9.439063
-9.438281
-9.437500
-9.432031
-9.426563
-9.421094
-9.415625
-9.410156
-9.404688
-9.399219
-9.393750
-9.388281
-9.382812
-9.379688
-9.376563
-9.373437
-9.370313
-9.367188
-9.364062
-9.360938
-9.357812
-9.354687
-9.351562
-9.347656
-9.343750
-9.339844
-9.335938
-9.332031
-9.328125
-9.324219
-9.320312
-9.316406
-9.312500
-9.309375
-9.306250
-9.303125
-9.300000
-9.296875
-9.293750
-9.290625
-9.287500
-9.284375
-9.281250
-9.280469
-9.279688
-9.278906
-9.278125
-9.277344
-9.276563
-9.275781
-9.275000
-9.274219
-9.273438
-9.270312
-9.267188
-9.264062
-9.260938
-9.257812
-9.254687
-9.251563
-9.248437
-9.245313
-9.242188
-9.236719
-9.231250
-9.225781
-9.220313
-9.214844
-9.209375
-9.203906
-9.198438
-9.192969
-9.187500
-9.185938
-9.184375
-9.182812
-9.181250
-9.179688
-9.178125
-9.176562
-9.175000
-9.173438
-9.171875
-9.167969
-9.164062
-9.160156
-9.156250
-9.152344
-9.148438
-9.144531
-9.140625
-9.136719
-9.132812
-9.125781
-9.118750
-9.111719
-9.104688
-9.097656
-9.090625
-9.083594
-9.076562
-9.069531
-9.062500
-9.057813
-9.053125
-9.048438
-9.043750
-9.039062
-9.034375
-9.029687
-9.025000
-9.020313
-9.015625
-9.013281
-9.010938
-9.008594
-9.006250
-9.003906
-9.001563
-8.999219
-8.996875
-8.994531
-8.992188
-8.990625
-8.989063
-8.987500
-8.985938
-8.984375
-8.982812
-8.981250
-8.979688
-8.978125
-8.976562
-8.971875
-8.967188
-8.962500
-8.957812
-8.953125
-8.948438
-8.943750
-8.939063
-8.934375
-8.929688
-8.924219
-8.918750
-8.913281
-8.907813
-8.902344
-8.896875
-8.891406
-8.885938
-8.880469
-8.875000
-8.875000
-8.875000
-8.875000
-8.875000
-8.875000
-8.875000
-8.875000
-8.875000
-8.875000
-8.875000
-8.869531
-8.864063
-8.858594
-8.853125
-8.847656
-8.842187
-8.836719
-8.831250
-8.825781
-8.820312
-8.816406
-8.812500
-8.808594
-8.804688
-8.800781
-8.796875
-8.792969
-8.789062
-8.785156
-8.781250
-8.775000
-8.768750
-8.762500
-8.756250
-8.750000
-8.743750
-8.737500
-8.731250
-8.725000
-8.718750
-8.715625
-8.712500
-8.709375
-8.706250
-8.703125
-8.700000
-8.696875
-8.693750
-8.690625
-8.687500
-8.682813
-8.678125
-8.673438
-8.668750
-8.664062
-8.659375
-8.654687
-8.650000
-8.645312
-8.640625
-8.640625
-8.640625
-8.640625
-8.640625
-8.640625
-8.640625
-8.640625
-8.640625
-8.640625
-8.640625
-8.633594
-8.626563
-8.619531
-8.612500
-8.605469
-8.598437
-8.591406
-8.584375
-8.577344
-8.570312
-8.567969
-8.565625
-8.563281
-8.560937
-8.558594
-8.556250
-8.553906
-8.551562
-8.549219
-8.546875
-8.542188
-8.537500
-8.532812
-8.528125
-8.523438
-8.518750
-8.514062
-8.509375
-8.504687
-8.500000
-8.498437
-8.496875
-8.495312
-8.493750
-8.492188
-8.490625
-8.489062
-8.487500
-8.485938
-8.484375
-8.479688
-8.475000
-8.470312
-8.465625
-8.460938
-8.456250
-8.451563
-8.446875
-8.442187
-8.437500
-8.433594
-8.429688
-8.425781
-8.421875
-8.417969
-8.414062
-8.410156
-8.406250
-8.402344
-8.398438
-8.396094
-8.393750
-8.391406
-8.389062
-8.386719
-8.384375
-8.382031
-8.379687
-8.377344
-8.375000
-8.367188
-8.359375
-8.351562
-8.343750
-8.335938
-8.328125
-8.320312
-8.312500
-8.304688
-8.296875
-8.296875
-8.296875
-8.296875
-8.296875
-8.296875
-8.296875
-8.296875
-8.296875
-8.296875
-8.296875
-8.292188
-8.287500
-8.282813
-8.278125
-8.273438
-8.268750
-8.264062
-8.259375
-8.254687
-8.250000
-8.246094
-8.242188
-8.238281
-8.234375
-8.230469
-8.226562
-8.222656
-8.218750
-8.214844
-8.210938
-8.208594
-8.206250
-8.203906
-8.201563
-8.199219
-8.196875
-8.194531
-8.192188
-8.189844
-8.187500
-8.183594
-8.179688
-8.175781
-8.171875
-8.167969
-8.164062
-8.160156
-8.156250
-8.152344
-8.148438
-8.148438
-8.148438
-8.148438
-8.148438
-8.148438
-8.148438
-8.148438
-8.148438
-8.148438
-8.148438
-8.141406
-8.134375
-8.127344
-8.120313
-8.113281
-8.106250
-8.099219
-8.092187
-8.085156
-8.078125
-8.076562
-8.075000
-8.073437
-8.071875
-8.070312
-8.068750
-8.067187
-8.065625
-8.064063
-8.062500
-8.057813
-8.053125
-8.048438
-8.043750
-8.039062
-8.034375
-8.029687
-8.025000
-8.020312
-8.015625
-8.014062
-8.012500
-8.010937
-8.009375
-8.007812
-8.006250
-8.004687
-8.003125
-8.001563
-8.000000
-7.993750
-7.987500
-7.981250
-7.975000
-7.968750
-7.962500
-7.956250
-7.950000
-7.943750
-7.937500
-7.934375
-7.931250
-7.928125
-7.925000
-7.921875
-7.918750
-7.915625
-7.912500
-7.909375
-7.906250
-7.904688
-7.903125
-7.901562
-7.900000
-7.898438
-7.896875
-7.895313
-7.893750
-7.892187
-7.890625
-7.883594
-7.876563
-7.869531
-7.862500
-7.855469
-7.848438
-7.841406
-7.834375
-7.827344
-7.820312
-7.817188
-7.814063
-7.810937
-7.807813
-7.804688
-7.801562
-7.798438
-7.795312
-7.792188
-7.789062
-7.787500
-7.785938
-7.784375
-7.782812
-7.781250
-7.779687
-7.778125
-7.776562
-7.775000
-7.773438
-7.768750
-7.764062
-7.759375
-7.754688
-7.750000
-7.745312
-7.740625
-7.735938
-7.731250
-7.726562
-7.722656
-7.718750
-7.714844
-7.710938
-7.707031
-7.703125
-7.699219
-7.695312
-7.691406
-7.687500
-7.682031
-7.676563
-7.671094
-7.665625
-7.660156
-7.654687
-7.649219
-7.643750
-7.638281
-7.632812
-7.629688
-7.626563
-7.623437
-7.620312
-7.617188
-7.614062
-7.610937
-7.607813
-7.604687
-7.601562
-7.598438
-7.595313
-7.592187
-7.589062
-7.585938
-7.582813
-7.579688
-7.576562
-7.573437
-7.570312
-7.567188
-7.564063
-7.560937
-7.557812
-7.554688
-7.551563
-7.548438
-7.545312
-7.542187
-7.539062
-7.532813
-7.526562
-7.520312
-7.514062
-7.507812
-7.501562
-7.495313
-7.489062
-7.482813
-7.476562
-7.472656
-7.468750
-7.464844
-7.460938
-7.457031
-7.453125
-7.449219
-7.445312
-7.441406
-7.437500
-7.435938
-7.434375
-7.432812
-7.431250
-7.429688
-7.428125
-7.426563
-7.425000
-7.423437
-7.421875
-7.416406
-7.410938
-7.405469
-7.400000
-7.394531
-7.389062
-7.383594
-7.378125
-7.372656
-7.367188
-7.360156
-7.353125
-7.346094
-7.339062
-7.332031
-7.325000
-7.317969
-7.310937
-7.303906
-7.296875
-7.296875
-7.296875
-7.296875
-7.296875
-7.296875
-7.296875
-7.296875
-7.296875
-7.296875
-7.296875
-7.289844
-7.282813
-7.275781
-7.268750
-7.261719
-7.254688
-7.247656
-7.240625
-7.233594
-7.226562
-7.222656
-7.218750
-7.214844
-7.210938
-7.207031
-7.203125
-7.199219
-7.195312
-7.191406
-7.187500
-7.182812
-7.178125
-7.173438
-7.168750
-7.164062
-7.159375
-7.154687
-7.150000
-7.145313
-7.140625
-7.135156
-7.129688
-7.124219
-7.118750
-7.113281
-7.107812
-7.102344
-7.096875
-7.091406
-7.085938
-7.083594
-7.081250
-7.078906
-7.076562
-7.074219
-7.071875
-7.069531
-7.067188
-7.064844
-7.062500
-7.058594
-7.054688
-7.050781
-7.046875
-7.042969
-7.039062
-7.035156
-7.031250
-7.027344
-7.023438
-7.016406
-7.009375
-7.002344
-6.995312
-6.988281
-6.981250
-6.974219
-6.967187
-6.960156
-6.953125
-6.948437
-6.943750
-6.939063
-6.934375
-6.929688
-6.925000
-6.920312
-6.915625
-6.910938
-6.906250
-6.899219
-6.892188
-6.885156
-6.878125
-6.871094
-6.864063
-6.857031
-6.850000
-6.842969
-6.835938
-6.831250
-6.826562
-6.821875
-6.817188
-6.812500
-6.807812
-6.803125
-6.798438
-6.793750
-6.789062
-6.785938
-6.782813
-6.779687
-6.776562
-6.773438
-6.770313
-6.767188
-6.764062
-6.760937
-6.757812
-6.750000
-6.742188
-6.734375
-6.726562
-6.718750
-6.710938
-6.703125
-6.695312
-6.687500
-6.679688
-6.673438
-6.667187
-6.660938
-6.654687
-6.648438
-6.642188
-6.635938
-6.629688
-6.623438
-6.617188
-6.612500
-6.607813
-6.603125
-6.598438
-6.593750
-6.589062
-6.584375
-6.579688
-6.575000
-6.570312
-6.563281
-6.556250
-6.549219
-6.542187
-6.535156
-6.528125
-6.521094
-6.514062
-6.507031
-6.500000
-6.495313
-6.490625
-6.485937
-6.481250
-6.476562
-6.471875
-6.467187
-6.462500
-6.457812
-6.453125
-6.444531
-6.435938
-6.427344
-6.418750
-6.410156
-6.401563
-6.392969
-6.384375
-6.375781
-6.367188
-6.364844
-6.362500
-6.360156
-6.357812
-6.355469
-6.353125
-6.350781
-6.348438
-6.346094
-6.343750
-6.335938
-6.328125
-6.320312
-6.312500
-6.304688
-6.296875
-6.289062
-6.281250
-6.273438
-6.265625
-6.260938
-6.256250
-6.251562
-6.246875
-6.242188
-6.237500
-6.232812
-6.228125
-6.223437
-6.218750
-6.209375
-6.200000
-6.190625
-6.181250
-6.171875
-6.162500
-6.153125
-6.143750
-6.134375
-6.125000
-6.120313
-6.115625
-6.110937
-6.106250
-6.101562
-6.096875
-6.092187
-6.087500
-6.082813
-6.078125
-6.072656
-6.067188
-6.061719
-6.056250
-6.050781
-6.045312
-6.039844
-6.034375
-6.028906
-6.023438
-6.016406
-6.009375
-6.002344
-5.995312
-5.988281
-5.981250
-5.974219
-5.967187
-5.960156
-5.953125
-5.946875
-5.940625
-5.934375
-5.928125
-5.921875
-5.915625
-5.909375
-5.903125
-5.896875
-5.890625
-5.882812
-5.875000
-5.867188
-5.859375
-5.851562
-5.843750
-5.835938
-5.828125
-5.820312
-5.812500
-5.803125
-5.793750
-5.784375
-5.775000
-5.765625
-5.756250
-5.746875
-5.737500
-5.728125
-5.718750
-5.714063
-5.709375
-5.704687
-5.700000
-5.695312
-5.690625
-5.685937
-5.681250
-5.676562
-5.671875
-5.665625
-5.659375
-5.653125
-5.646875
-5.640625
-5.634375
-5.628125
-5.621875
-5.615625
-5.609375
-5.600000
-5.590625
-5.581250
-5.571875
-5.562500
-5.553125
-5.543750
-5.534375
-5.525000
-5.515625
-5.507031
-5.498438
-5.489844
-5.481250
-5.472656
-5.464063
-5.455469
-5.446875
-5.438281
-5.429688
-5.425000
-5.420312
-5.415625
-5.410938
-5.406250
-5.401562
-5.396875
-5.392188
-5.387500
-5.382812
-5.375000
-5.367188
-5.359375
-5.351562
-5.343750
-5.335938
-5.328125
-5.320312
-5.312500
-5.304688
-5.294531
-5.284375
-5.274219
-5.264062
-5.253906
-5.243750
-5.233594
-5.223438
-5.213281
-5.203125
-5.199219
-5.195313
-5.191406
-5.187500
-5.183594
-5.179688
-5.175781
-5.171875
-5.167969
-5.164062
-5.156250
-5.148438
-5.140625
-5.132812
-5.125000
-5.117188
-5.109375
-5.101562
-5.093750
-5.085938
-5.077344
-5.068750
-5.060156
-5.051562
-5.042969
-5.034375
-5.025781
-5.017187
-5.008594
-5.000000
-4.989844
-4.979687
-4.969531
-4.959375
-4.949219
-4.939063
-4.928906
-4.918750
-4.908594
-4.898438
-4.895313
-4.892188
-4.889062
-4.885937
-4.882812
-4.879688
-4.876563
-4.873437
-4.870313
-4.867188
-4.857813
-4.848438
-4.839062
-4.829688
-4.820312
-4.810937
-4.801563
-4.792187
-4.782812
-4.773438
-4.767969
-4.762500
-4.757031
-4.751563
-4.746094
-4.740625
-4.735156
-4.729687
-4.724219
-4.718750
-4.713281
-4.707813
-4.702344
-4.696875
-4.691406
-4.685937
-4.680469
-4.675000
-4.669531
-4.664062
-4.654688
-4.645313
-4.635937
-4.626563
-4.617188
-4.607812
-4.598438
-4.589062
-4.579688
-4.570312
-4.564844
-4.559375
-4.553906
-4.548438
-4.542969
-4.537500
-4.532031
-4.526562
-4.521094
-4.515625
-4.507031
-4.498438
-4.489844
-4.481250
-4.472656
-4.464062
-4.455469
-4.446875
-4.438281
-4.429688
-4.424219
-4.418750
-4.413281
-4.407813
-4.402344
-4.396875
-4.391406
-4.385937
-4.380469
-4.375000
-4.369531
-4.364063
-4.358594
-4.353125
-4.347656
-4.342187
-4.336719
-4.331250
-4.325781
-4.320312
-4.314063
-4.307813
-4.301562
-4.295312
-4.289062
-4.282813
-4.276563
-4.270313
-4.264062
-4.257812
-4.253906
-4.250000
-4.246094
-4.242188
-4.238281
-4.234375
-4.230469
-4.226562
-4.222656
-4.218750
-4.209375
-4.200000
-4.190625
-4.181250
-4.171875
-4.162500
-4.153125
-4.143750
-4.134375
-4.125000
-4.124219
-4.123438
-4.122656
-4.121875
-4.121094
-4.120312
-4.119531
-4.118750
-4.117969
-4.117188
-4.113281
-4.109375
-4.105469
-4.101562
-4.097656
-4.093750
-4.089844
-4.085938
-4.082031
-4.078125
-4.074219
-4.070312
-4.066406
-4.062500
-4.058594
-4.054688
-4.050781
-4.046875
-4.042969
-4.039062
-4.036719
-4.034375
-4.032031
-4.029687
-4.027344
-4.025000
-4.022656
-4.020313
-4.017969
-4.015625
-4.010156
-4.004688
-3.999219
-3.993750
-3.988281
-3.982813
-3.977344
-3.971875
-3.966406
-3.960938
-3.960938
-3.960938
-3.960938
-3.960938
-3.960938
-3.960938
-3.960938
-3.960938
-3.960938
-3.960938
-3.959375
-3.957813
-3.956250
-3.954687
-3.953125
-3.951563
-3.950000
-3.948437
-3.946875
-3.945312
-3.946094
-3.946875
-3.947656
-3.948437
-3.949219
-3.950000
-3.950781
-3.951562
-3.952344
-3.953125
-3.950781
-3.948438
-3.946094
-3.943750
-3.941406
-3.939063
-3.936719
-3.934375
-3.932031
-3.929688
-3.932031
-3.934375
-3.936719
-3.939063
-3.941406
-3.943750
-3.946094
-3.948437
-3.950781
-3.953125
-3.950781
-3.948438
-3.946094
-3.943750
-3.941406
-3.939063
-3.936719
-3.934375
-3.932031
-3.929688
-3.933594
-3.937500
-3.941406
-3.945312
-3.949219
-3.953125
-3.957031
-3.960938
-3.964844
-3.968750
-3.967969
-3.967188
-3.966406
-3.965625
-3.964844
-3.964062
-3.963281
-3.962500
-3.961719
-3.960938
-3.958594
-3.956250
-3.953906
-3.951563
-3.949219
-3.946875
-3.944531
-3.942188
-3.939844
-3.937500
-3.938281
-3.939063
-3.939844
-3.940625
-3.941406
-3.942188
-3.942969
-3.943750
-3.944531
-3.945312
-3.946875
-3.948437
-3.950000
-3.951563
-3.953125
-3.954687
-3.956250
-3.957813
-3.959375
-3.960938
-3.958594
-3.956250
-3.953906
-3.951563
-3.949219
-3.946875
-3.944531
-3.942188
-3.939844
-3.937500
-3.938281
-3.939063
-3.939844
-3.940625
-3.941406
-3.942188
-3.942969
-3.943750
-3.944531
-3.945312
-3.945312
-3.945312
-3.945312
-3.945312
-3.945312
-3.945312
-3.945312
-3.945312
-3.945312
-3.945312
-3.940625
-3.935938
-3.931250
-3.926563
-3.921875
-3.917187
-3.912500
-3.907813
-3.903125
-3.898438
-3.894531
-3.890625
-3.886719
-3.882812
-3.878906
-3.875000
-3.871094
-3.867188
-3.863281
-3.859375
-3.857813
-3.856250
-3.854687
-3.853125
-3.851562
-3.850000
-3.848438
-3.846875
-3.845312
-3.843750
-3.839063
-3.834375
-3.829687
-3.825000
-3.820312
-3.815625
-3.810938
-3.806250
-3.801563
-3.796875
-3.795313
-3.793750
-3.792187
-3.790625
-3.789062
-3.787500
-3.785937
-3.784375
-3.782812
-3.781250
-3.776563
-3.771875
-3.767187
-3.762500
-3.757812
-3.753125
-3.748437
-3.743750
-3.739062
-3.734375
-3.735937
-3.737500
-3.739062
-3.740625
-3.742188
-3.743750
-3.745313
-3.746875
-3.748438
-3.750000
-3.740625
-3.731250
-3.721875
-3.712500
-3.703125
-3.693750
-3.684375
-3.675000
-3.665625
-3.656250
-3.654688
-3.653125
-3.651562
-3.650000
-3.648438
-3.646875
-3.645313
-3.643750
-3.642188
-3.640625
-3.635156
-3.629688
-3.624219
-3.618750
-3.613281
-3.607812
-3.602344
-3.596875
-3.591406
-3.585938
-3.578125
-3.570313
-3.562500
-3.554688
-3.546875
-3.539062
-3.531250
-3.523438
-3.515625
-3.507812
-3.500781
-3.493750
-3.486719
-3.479687
-3.472656
-3.465625
-3.458594
-3.451562
-3.444531
-3.437500
-3.428906
-3.420313
-3.411719
-3.403125
-3.394531
-3.385937
-3.377344
-3.368750
-3.360156
-3.351562
-3.345313
-3.339063
-3.332812
-3.326562
-3.320312
-3.314063
-3.307812
-3.301563
-3.295313
-3.289062
-3.278125
-3.267188
-3.256250
-3.245312
-3.234375
-3.223438
-3.212500
-3.201563
-3.190625
-3.179688
-3.161719
-3.143750
-3.125781
-3.107813
-3.089844
-3.071875
-3.053906
-3.035938
-3.017969
-3.000000
-2.987500
-2.975000
-2.962500
-2.950000
-2.937500
-2.925000
-2.912500
-2.900000
-2.887500
-2.875000
-2.864062
-2.853125
-2.842187
-2.831250
-2.820312
-2.809375
-2.798437
-2.787500
-2.776563
-2.765625
-2.753906
-2.742188
-2.730469
-2.718750
-2.707031
-2.695312
-2.683594
-2.671875
-2.660156
-2.648438
-2.637500
-2.626562
-2.615625
-2.604687
-2.593750
-2.582813
-2.571875
-2.560937
-2.550000
-2.539062
-2.530469
-2.521875
-2.513281
-2.504688
-2.496094
-2.487500
-2.478906
-2.470312
-2.461719
-2.453125
-2.453125
-2.453125
-2.453125
-2.453125
-2.453125
-2.453125
-2.453125
-2.453125
-2.453125
-2.453125
-2.452344
-2.451563
-2.450781
-2.450000
-2.449219
-2.448437
-2.447656
-2.446875
-2.446094
-2.445312
-2.439062
-2.432812
-2.426563
-2.420312
-2.414062
-2.407812
-2.401563
-2.395312
-2.389063
-2.382812
-2.381250
-2.379688
-2.378125
-2.376562
-2.375000
-2.373437
-2.371875
-2.370312
-2.368750
-2.367188
-2.360937
-2.354687
-2.348438
-2.342187
-2.335938
-2.329687
-2.323438
-2.317187
-2.310938
-2.304688
-2.297656
-2.290625
-2.283594
-2.276562
-2.269531
-2.262500
-2.255469
-2.248438
-2.241406
-2.234375
-2.231250
-2.228125
-2.225000
-2.221875
-2.218750
-2.215625
-2.212500
-2.209375
-2.206250
-2.203125
-2.194531
-2.185938
-2.177344
-2.168750
-2.160156
-2.151562
-2.142969
-2.134375
-2.125781
-2.117188
-2.111719
-2.106250
-2.100781
-2.095312
-2.089844
-2.084375
-2.078906
-2.073437
-2.067969
-2.062500
-2.051563
-2.040625
-2.029687
-2.018750
-2.007812
-1.996875
-1.985938
-1.975000
-1.964063
-1.953125
-1.945312
-1.937500
-1.929688
-1.921875
-1.914062
-1.906250
-1.898438
-1.890625
-1.882812
-1.875000
-1.872656
-1.870313
-1.867969
-1.865625
-1.863281
-1.860937
-1.858594
-1.856250
-1.853906
-1.851562
-1.843750
-1.835938
-1.828125
-1.820312
-1.812500
-1.804688
-1.796875
-1.789062
-1.781250
-1.773438
-1.773438
-1.773438
-1.773438
-1.773438
-1.773438
-1.773438
-1.773438
-1.773438
-1.773438
-1.773438
-1.772656
-1.771875
-1.771094
-1.770312
-1.769531
-1.768750
-1.767969
-1.767187
-1.766406
-1.765625
-1.761719
-1.757812
-1.753906
-1.750000
-1.746094
-1.742188
-1.738281
-1.734375
-1.730469
-1.726562
-1.723438
-1.720313
-1.717187
-1.714063
-1.710938
-1.707812
-1.704687
-1.701563
-1.698438
-1.695312
-1.691406
-1.687500
-1.683594
-1.679688
-1.675781
-1.671875
-1.667969
-1.664062
-1.660156
-1.656250
-1.642969
-1.629688
-1.616406
-1.603125
-1.589844
-1.576563
-1.563281
-1.550000
-1.536719
-1.523438
-1.511719
-1.500000
-1.488281
-1.476562
-1.464844
-1.453125
-1.441406
-1.429688
-1.417969
-1.406250
-1.387500
-1.368750
-1.350000
-1.331250
-1.312500
-1.293750
-1.275000
-1.256250
-1.237500
-1.218750
-1.194531
-1.170313
-1.146094
-1.121875
-1.097656
-1.073438
-1.049219
-1.025000
-1.000781
-0.976562
-0.950000
-0.923438
-0.896875
-0.870313
-0.843750
-0.817187
-0.790625
-0.764062
-0.737500
-0.710938
-0.678125
-0.645312
-0.612500
-0.579688
-0.546875
-0.514062
-0.481250
-0.448437
-0.415625
-0.382812
-0.346875
-0.310938
-0.275000
-0.239062
-0.203125
-0.167188
-0.131250
-0.095312
-0.059375
-0.023438
0.012500
0.048437
0.084375
0.120312
0.156250
0.192188
0.228125
0.264062
0.300000
0.335938
0.362500
0.389062
0.415625
0.442188
0.468750
0.495312
0.521875
0.548438
0.575000
0.601562
0.625000
0.648438
0.671875
0.695312
0.718750
0.742188
0.765625
0.789062
0.812500
0.835938
0.858594
0.881250
0.903906
0.926563
0.949219
0.971875
0.994531
1.017188
1.039844
1.062500
1.084375
1.106250
1.128125
1.150000
1.171875
1.193750
1.215625
1.237500
1.259375
1.281250
1.315625
1.350000
1.384375
1.418750
1.453125
1.487500
1.521875
1.556250
1.590625
1.625000
1.692969
1.760938
1.828906
1.896875
1.964844
2.032812
2.100781
2.168750
2.236719
2.304688
2.349219
2.393750
2.438281
2.482813
2.527344
2.571875
2.616406
2.660938
2.705469
2.750000
2.729688
2.709375
2.689062
2.668750
2.648438
2.628125
2.607813
2.587500
2.567188
2.546875
2.579688
2.612500
2.645312
2.678125
2.710938
2.743750
2.776562
2.809375
2.842187
2.875000
2.903906
2.932813
2.961719
2.990625
3.019531
3.048438
3.077344
3.106250
3.135156
3.164062
3.190625
3.217188
3.243750
3.270313
3.296875
3.323437
3.350000
3.376563
3.403125
3.429688
3.451563
3.473438
3.495312
3.517187
3.539062
3.560938
3.582813
3.604687
3.626562
3.648438
3.666406
3.684375
3.702344
3.720312
3.738281
3.756250
3.774219
3.792187
3.810156
3.828125
3.841406
3.854687
3.867969
3.881250
3.894531
3.907812
3.921094
3.934375
3.947656
3.960938
3.971875
3.982813
3.993750
4.004688
4.015625
4.026562
4.037500
4.048438
4.059375
4.070312
4.078125
4.085938
4.093750
4.101562
4.109375
4.117188
4.125000
4.132812
4.140625
4.148438
4.153906
4.159375
4.164844
4.170312
4.175781
4.181250
4.186719
4.192188
4.197656
4.203125
4.207813
4.212500
4.217187
4.221875
4.226562
4.231250
4.235938
4.240625
4.245312
4.250000
4.252344
4.254688
4.257031
4.259375
4.261719
4.264062
4.266406
4.268750
4.271094
4.273438
4.273438
4.273438
4.273438
4.273438
4.273438
4.273438
4.273438
4.273438
4.273438
4.273438
4.272656
4.271875
4.271094
4.270313
4.269531
4.268750
4.267969
4.267188
4.266406
4.265625
4.262500
4.259375
4.256250
4.253125
4.250000
4.246875
4.243750
4.240625
4.237500
4.234375
4.229687
4.225000
4.220312
4.215625
4.210938
4.206250
4.201562
4.196875
4.192188
4.187500
4.181250
4.175000
4.168750
4.162500
4.156250
4.150000
4.143750
4.137500
4.131250
4.125000
4.117969
4.110938
4.103906
4.096875
4.089844
4.082813
4.075781
4.068750
4.061719
4.054688
4.048438
4.042188
4.035937
4.029687
4.023438
4.017188
4.010937
4.004688
3.998438
3.992188
3.986719
3.981250
3.975781
3.970312
3.964844
3.959375
3.953906
3.948438
3.942969
3.937500
3.932031
3.926563
3.921094
3.915625
3.910156
3.904688
3.899219
3.893750
3.888281
3.882812
3.878125
3.873438
3.868750
3.864063
3.859375
3.854687
3.850000
3.845312
3.840625
3.835938
3.832031
3.828125
3.824219
3.820312
3.816406
3.812500
3.808594
3.804688
3.800781
3.796875
